0.3473794132594116	0.11332310445923677	1.7500294175088849
0.8304415361672968	0.46737763417249734	0.8065996605716879
0.807713507307838	0.6239981671707739	0.7056558379809514
0.04761178173210967	0.26822134665761554	1.8569541802543417
6.507034775493636E-4	0.46548557283146574	1.610379617758769
0.4965549606268762	0.9335724858419667	0.6537846685747726
0.4813807941917073	0.905633358850248	0.6985475213859317
0.7159492068185804	0.35942803390277456	1.0527180118357577
0.6482356304198647	0.8086672651727593	0.6831744752775796
0.010879652302550946	0.008283807312265079	1.999626058366822
